50
100 7295 2659 5666 1590 1989 9620 9445 3211 3923 1656 1337 5372 5115 4729 8643 2929 39 6798 8503 9080 3383 593 2001 9895 5625 8538 6491 708 9461 9355 3620 4412 1317 5919 9288 750 1380 2497 1245 3015 2630 1918 222 3757 93 6321 9161 722 573 895 1448 1990 1500 7882 9821 9444 4731 6698 8507 2581 9302 8916 903 5769 5631 9474 3316 8905 1734 5599 4179 3843 9666 2487 9591 2608 2985 5055 4196 2777 8046 4917 4171 8834 8838 4165 8297 1790 6768 2023 4756 9136 4682 157 2839 6246 180 2511 4752 9515
100 6115 1765 733 5420 8040 2437 2459 5851 2973 3530 6878 3324 5187 1254 6504 1742 8345 1269 7916 1946 9346 9807 425 9006 7917 221 1254 7366 305 122 3370 6618 9251 9050 2458 8094 9537 4428 1472 7892 2564 5326 3845 6235 2766 8772 1942 381 1594 2694 8698 7538 5071 2401 2664 3863 7350 8137 6275 3897 209 7051 886 4559 5031 5105 6155 4303 5717 3334 7565 6713 5505 8126 6813 4436 669 1257 3057 5096 8623 5793 5719 2037 5414 4851 3221 8491 6139 8764 7451 4512 887 3628 7069 8939 3482 8064 6003 3546
100 8913 480 4490 6956 9126 3668 2470 2134 3653 4139 6186 7668 6212 5762 4049 1152 6351 8900 6586 4813 5520 2165 4528 1206 104 7571 6965 5558 1593 7161 7630 137 9238 6833 7249 528 6831 8969 4657 6101 8311 7695 4576 9870 8681 2532 9643 8295 5456 3784 5786 2305 5948 7524 7988 8589 3630 4786 4469 8639 5742 6009 2212 4633 4485 1628 6335 8584 7503 3495 8868 6068 8258 317 1175 6851 623 939 5933 8274 2576 6332 8913 5329 9772 9083 9740 4626 1729 9928 6098 9027 841 2084 5723 7179 5616 8531 1138 5765
100 7561 3426 7334 3620 4025 5300 7482 492 3593 1252 3684 3385 5427 9662 2031 5030 3604 4032 9292 6311 146 8888 9242 5613 5642 5144 9942 8901 9513 1649 5768 9751 6964 5188 4650 3499 5631 4324 4786 4040 2314 2588 9851 9643 3008 3115 3908 3290 9606 1759 6098 8271 7156 9556 7602 7246 6799 3680 6999 5585 8612 9869 6110 2668 9119 2862 3629 5389 9229 618 9802 6113 5051 3956 3122 7371 6488 9431 9403 5340 3994 2276 154 6626 2919 6029 6241 5931 3906 675 1770 2891 4427 2437 8968 9548 2494 5554 6675 7578
100 2304 6269 6496 5836 7343 144 2027 9108 8541 8490 7227 2368 6696 2038 4847 3948 9594 6311 1681 7032 2202 3555 3236 5047 8740 7495 9326 3101 4065 7168 4510 8425 4531 419 457 3598 5314 3577 5940 8173 3957 7098 3284 2929 2737 2560 9444 7709 6106 68 2239 4339 5740 9917 7429 7727 8009 5483 699 1146 1689 1455 9435 3265 8390 3845 6984 3809 9887 3102 5203 2818 7088 4846 6662 9676 7801 2957 8632 2169 3764 7192 1027 5021 4053 9523 1206 1784 25 7269 9753 9140 8820 6913 3815 101 8841 9901 6791 5949
100 7396 7227 3786 2172 4988 9866 5934 5050 2968 3071 9457 6801 6673 1178 6058 3410 9458 1822 1977 5148 6142 2218 8368 343 9078 3299 906 8083 6191 1273 4239 7048 7016 5240 8646 2452 1920 1170 1485 8325 8081 6584 2989 5462 9935 8843 7267 6605 8682 3180 9439 8598 4197 6208 2461 9662 5809 6683 1939 7603 103 4381 2695 8152 5723 8087 4158 4991 198 2998 2473 3369 5369 3907 6916 3757 2480 423 9453 3487 1890 4615 944 8790 5790 1278 3014 8080 6020 9229 3599 2745 890 4987 2645 6584 7525 3612 1050 6038
100 3349 4158 4899 7555 1520 2086 2490 3344 1010 2316 8274 9580 6573 6257 8803 2335 562 7932 1606 1970 6268 4224 9875 3844 449 5773 333 2071 9811 9505 2420 2398 3603 7269 2254 3516 9822 7969 831 7390 5921 9671 2861 7316 5300 3294 9356 5081 7389 6355 2724 6516 5599 3032 4114 697 5257 9179 3404 6403 1598 1327 1881 5170 6745 1266 5997 500 2045 6539 6726 9584 6508 4102 8233 2770 4720 4865 5140 446 7768 275 3883 186 7555 6770 6262 5235 9959 756 8784 9355 7828 5905 702 7624 9468 1158 5547 4758
100 55 6931 7054 363 701 9679 3703 7702 120 3102 4575 730 501 2984 8744 7143 4073 1399 6067 1474 3130 579 9798 5249 7799 768 3937 1000 3341 4495 8746 7820 9229 3213 2257 1430 3226 1227 3010 6530 4267 3388 2729 3251 2211 5479 6307 4094 3495 209 5356 5003 1819 8936 9591 3560 247 7348 1516 9327 3445 9765 2941 4389 9854 7753 6785 7736 506 4568 4986 8846 8767 2815 2846 8832 8116 2302 1076 8417 6800 6229 8819 914 8857 9274 6111 8644 6844 2677 215 5855 6753 4825 9857 2786 1137 3687 2906 874
100 6096 4890 1653 9699 6300 9096 5601 4871 1231 9246 5810 8640 6472 7479 1320 3359 6638 1048 7597 9768 274 3779 2193 3434 4657 8844 8829 985 6243 8469 3035 3926 3977 3705 9307 1771 7982 4408 4474 8500 9597 2839 1373 4502 6182 5057 4457 8993 443 8363 8257 1915 714 7369 9274 7554 9422 4112 7966 7393 2075 7481 677 4364 684 5250 5081 2458 9807 279 7170 2093 1864 8392 1836 1817 6279 175 2759 1819 2094 5200 8609 2562 1935 7231 5693 3975 1858 8844 5647 9709 7723 5713 5581 3582 1062 3988 7899 1197
100 3274 6349 4836 341 3988 1510 9387 8043 9299 5651 1751 6048 2424 8859 848 505 3554 4512 56 1928 339 1662 5444 2373 3000 1418 4321 5526 3057 7507 6996 3750 7963 9607 4387 1419 1957 1672 1939 8260 8991 7515 2348 9208 367 3855 204 2338 8077 9624 5491 2329 204 4512 5164 5769 9147 6045 4213 9887 111 1733 350 3548 2274 6303 109 2827 4079 6876 1036 8979 9897 2535 8117 8827 7457 482 2121 7444 3541 422 1733 7397 5565 5315 3293 8865 4259 9234 1326 6382 3845 7599 7384 9655 8155 139 2301 3270
100 2001 8661 1013 1746 3735 5346 1651 4565 2960 1966 631 2327 1079 5065 4244 6238 3943 926 4655 1362 2381 8340 3274 6437 308 3654 7876 1714 3094 1260 6403 9550 7609 7274 9047 6338 2294 8597 3311 6567 2071 4719 5355 1912 3884 9560 8046 2170 7459 2237 4000 211 2735 4001 2453 7778 9762 5236 897 2795 9304 9780 7814 4935 4844 8206 6644 5906 6435 7066 2944 3350 6924 3396 5134 997 260 2271 1971 2283 885 5519 6439 9908 6291 5861 6051 8239 6743 2679 2245 2812 6197 50 8813 1214 1493 4357 7310 7700
100 1776 4656 5549 9933 4864 7095 5792 4089 8673 5119 6030 2296 5237 5800 8771 8775 5984 7439 3800 4990 8836 9077 3929 5765 7291 3825 4784 7195 2254 3003 8282 5494 8756 1549 8608 996 2735 4501 7961 5513 9915 1763 6711 5010 7238 552 7230 1346 3442 5918 9230 4822 1442 1458 7804 8672 3914 1657 5307 4986 8138 5406 8869 3863 2534 5756 7871 3816 1394 5805 1736 7828 4564 8472 4691 4573 1446 3616 8074 2591 869 3183 9387 6232 9927 3735 5888 2922 2969 8864 5672 1333 4722 6264 8952 2143 9643 8779 5229 4906
100 5533 917 2570 3778 4064 9049 6589 8242 3944 4113 6637 3118 3534 1128 6245 5046 2232 9595 5668 4829 679 1115 4516 2353 7166 8895 983 7426 6735 6447 4049 2605 275 5676 8051 5298 146 2337 8065 893 6519 7387 1363 1440 7946 1268 1062 6555 1150 5406 8492 4058 8733 9225 7693 6484 6671 3088 6856 3936 4265 1542 6134 3657 6256 2999 2516 9723 6792 7109 8064 9749 4783 8174 9928 952 9295 8279 4184 2180 9755 6002 2443 7636 7811 4126 7678 1040 693 3647 3693 9161 4844 7464 4945 8544 3288 7149 3348 9594
100 9150 5432 3970 4485 7753 3827 4058 107 4844 1775 4819 778 3103 4012 5714 5067 2982 9887 1669 2219 8970 5938 1847 7650 4490 9359 3225 3922 3021 2840 4434 3106 9211 7633 1614 806 5867 7484 3916 8318 5235 1087 7622 6737 3450 5951 7267 6927 8766 4026 188 3273 309 9883 166 5863 7415 7892 994 139 2479 1820 259 2166 5359 1114 3371 2100 1903 145 6012 1649 153 5465 2890 8843 6910 555 2584 515 9074 1414 2225 9731 8139 6278 1145 9993 4727 3562 6098 3243 4164 4639 9234 2049 4807 9599 2717 9622
100 9512 7822 1612 4653 5464 4520 7452 8663 3125 6247 2541 7045 4324 2946 2709 6565 5609 4390 4832 8208 4730 9168 8432 4230 5041 5068 3113 3446 294 3292 2349 7434 2993 9220 9713 3994 2967 4638 1757 6307 1818 9728 7004 9142 9532 6647 6686 2223 8561 5373 4287 8398 4974 9390 8424 9132 8646 8110 6564 5254 2372 8421 9961 7263 3350 7867 1608 3964 9005 7943 161 1591 4243 9089 4972 6448 3742 9644 1606 7421 2728 8459 2116 68 7451 5819 1719 390 6929 4781 705 9135 6309 5918 567 9145 5040 9753 993 7275
100 2462 5624 3874 6012 6070 6954 6191 9888 5117 2573 3114 201 1491 6549 1103 728 3223 6954 4919 6811 2962 4696 9427 9241 7795 2621 2847 6054 1135 859 6738 4079 1353 3274 2266 5176 9390 3359 6547 5578 1698 8177 4231 7988 6595 74 2390 213 4189 1463 8049 4633 5096 1942 7968 8551 2615 2450 702 6225 328 789 6368 7914 1074 3222 9063 1799 3359 9100 4069 3977 3821 7875 8626 7556 1318 7938 1506 3650 1792 3658 3891 4442 3584 1566 7876 1880 8321 830 6268 7155 744 9213 2690 7725 9173 4888 3061 4073
100 1249 7036 8737 2322 114 8926 1440 8251 4827 4432 6052 4031 3520 9509 9310 4436 4436 9212 3827 127 8831 4176 623 6131 4875 2944 2793 7608 5163 4977 9750 4700 4195 7002 1529 3433 6045 961 80 6451 8208 949 7715 4844 3469 6722 2322 8501 5537 8928 1954 3856 8880 5367 73 7103 6907 4628 7684 6976 221 725 2994 8430 3075 7131 9768 6982 6259 5742 9830 1310 8128 7998 6559 8023 1911 7727 9968 6690 396 3903 5244 2684 4949 8645 2755 1866 3062 2252 6781 8363 5806 5180 1524 7120 7132 5594 9795 914
100 3658 5724 4687 278 7836 4146 8556 4133 5212 8980 5623 5858 4207 3088 6742 4045 3740 3203 887 9852 5985 1811 3652 1720 5539 4226 2751 1473 8676 9811 4885 1170 7696 3146 4048 6385 9106 9950 4255 7246 1120 5320 3326 9985 3645 3017 9849 9424 181 9457 1009 8710 3689 2440 1713 299 9608 9950 7087 1667 5526 6520 4729 4919 6327 2898 1247 5146 4833 3447 802 3872 5117 7945 9983 9012 8401 1118 1692 3725 1353 6889 6115 5421 5894 5789 9155 1483 5484 7386 7395 5775 7916 1327 3551 9859 5596 3618 5350 6439
100 2667 5092 859 7305 7010 4362 3613 9901 8267 4575 8447 17 9353 1010 7285 401 9645 6662 9759 7389 7666 6121 5405 1322 9528 5913 9578 5528 2181 1290 4901 1731 8631 6945 7017 5389 3620 3213 242 3312 9322 5024 6518 7173 5726 5792 987 2317 8564 6421 6294 7052 5272 7081 1464 3378 1797 7187 7711 5477 759 4189 1261 5480 1954 8275 569 7150 2746 3062 6992 8904 8937 4448 5613 5545 9052 5178 7618 905 1260 9415 6282 2795 3494 412 6166 6801 7487 57 1048 8152 7295 9390 5829 2051 7916 4078 7168 3445
100 2537 4128 4407 1892 4471 3541 965 5909 8356 3414 5227 6323 1846 1328 6498 2610 526 3375 9701 1702 5479 7516 2395 8988 689 6214 509 8533 943 3043 7349 3928 7182 3198 2360 3499 6651 1990 4723 6673 9543 5947 7183 6329 2278 1906 6276 3994 8264 3875 584 7082 4325 4816 9924 8126 1984 7200 1664 7516 6598 7582 8398 8674 8728 4213 6685 1019 3425 4405 816 5151 4743 794 3096 7627 6635 2377 2717 7884 5543 8655 3035 6223 8974 3833 3714 2737 6663 6186 3323 397 2310 1680 3331 1778 553 9011 6907 5689
100 8950 2487 3981 9679 9082 5014 6220 9860 3618 2582 2396 1719 9723 6812 3163 448 356 9782 1136 3074 1576 5361 2224 1233 3027 1749 5821 4483 925 6527 9389 9868 3508 6337 4969 4737 5846 5990 2112 8713 2945 747 499 706 568 2821 391 9829 4950 9432 4743 936 269 7286 4966 5723 3891 1441 5614 1769 4873 6356 9804 2380 7076 5572 1691 9593 2850 1361 8698 8233 1863 2602 6622 2047 9435 2666 9433 7341 6114 9284 9488 7320 3447 5629 4626 3387 5333 6490 4304 3321 2184 9668 10000 4918 577 7957 4765 3609
100 5965 9608 6516 8117 610 110 3618 4444 4296 8922 7208 6856 3696 6006 9671 3329 9360 24 6769 1740 7641 9517 6697 8848 8142 1767 6473 4345 1657 1262 7628 7667 4535 45 1813 8417 2041 1726 4049 8130 3155 2789 2577 1691 5379 4427 3840 3122 9145 1403 3776 2033 1071 2758 1686 9199 5078 4088 4024 2435 5133 3321 7750 310 6790 1641 3496 1410 8710 8205 4245 8624 558 5568 682 9806 5362 9319 7513 4575 8675 7242 7127 5629 280 7036 3743 4729 9386 5887 4062 900 7477 1276 4670 5761 1525 9612 7713 8777
100 1664 9984 1477 4193 6301 4299 2888 6411 9042 5120 9115 177 4683 239 8066 7093 4233 3163 2884 4954 2988 3079 9791 9406 8910 6959 6866 8069 903 4944 92 3377 7870 1940 7929 6984 9687 6279 4135 3909 4116 9655 3493 5591 9864 453 2224 6924 3919 3120 4618 7948 377 4561 3219 1068 1816 5680 2613 2256 6754 3913 4225 1305 6900 5744 4093 1883 1878 2940 9144 7183 8288 2177 3463 78 4784 362 6825 8562 3687 1476 5668 9650 7295 2636 34 8690 3624 1022 2698 4636 4488 7602 6872 5681 8353 7667 165 5068
100 3863 6644 5600 5447 7355 2543 9066 6664 1809 2868 1919 3263 5534 265 5244 8205 809 60 4556 350 6821 3674 3823 4722 6808 949 6946 8701 2527 3125 6262 2767 3466 7398 2934 7046 1671 9163 9534 2539 6083 2741 4317 7878 8185 2650 7401 9027 465 8185 1250 1582 3922 9147 7161 8682 7512 9939 2319 1727 9926 1044 1991 7036 9733 6089 204 4725 2708 53 3155 6463 6325 3796 6432 9605 9724 9871 8337 1866 6733 4317 4053 1334 7485 2512 1115 6013 5959 3195 2996 7649 1500 2069 1648 6157 158 8165 8264 4740
100 9340 844 9071 6471 1775 4838 9851 9147 1472 9855 4583 2870 5985 2533 662 1658 3981 7908 404 9047 6939 8068 5989 2434 6451 544 9647 9018 9605 3363 5568 8321 5782 1960 6837 5910 7088 6352 7424 4054 5918 4097 2379 7686 3999 5967 9744 217 7303 8805 3638 4103 4158 6348 8425 2333 1100 7362 1685 6882 66 3211 8458 7722 7308 910 7433 3775 7041 8913 2925 8881 7602 3764 813 3996 7102 5878 9570 3436 596 402 3937 1261 6604 4684 7733 2176 7682 1837 9227 9148 2479 5063 8603 3922 4187 6348 1168 5032
100 3454 7533 70 3002 4164 8359 4236 515 3044 5849 6766 9711 3694 3487 7375 627 4117 5443 1073 3015 5911 7320 1712 5623 9146 6249 946 5582 8072 2242 7 7121 3219 8211 134 603 3706 72 1585 4458 6757 1057 3672 8822 8322 639 826 5674 8250 9460 2125 1471 8483 30 3621 1017 3410 4902 9089 5445 166 1165 8615 9650 6988 7704 1095 8577 3541 5478 5490 5531 5216 331 4123 860 4632 8997 4032 8982 330 3945 69 968 3422 23 6202 7260 9529 5043 8660 6594 5091 3693 8765 82 5071 3163 5317 6584
100 1224 7911 1230 5782 7027 1889 9350 4436 3493 1833 3310 7776 9719 8280 9494 4031 2927 9849 809 4151 286 5294 3188 1317 4389 5826 5370 4952 9642 5687 8023 9622 234 983 6300 3195 6849 621 7706 1639 5652 9565 4936 1723 7653 2345 1460 4088 8738 6979 8590 4854 3231 7883 2524 975 4817 8440 1588 7905 2257 6476 6202 2982 6256 7301 3707 6776 9539 9341 3516 2326 7306 9052 8171 2610 9925 6914 4843 9995 7059 3043 6777 3569 3070 3291 8053 4741 8924 1931 7890 3269 6247 5615 7630 7287 8428 7102 7502 2866
100 3923 894 4420 6035 8974 7224 571 5260 3286 4498 465 1941 4111 5863 4559 8034 5796 9073 7006 8124 2669 3289 8539 7134 1202 9167 1152 4200 2160 755 4097 7963 4207 8276 1594 310 328 2059 284 1772 7622 2533 7651 2298 6864 2995 4877 4608 8036 7715 7616 956 3502 7866 387 89 9221 1031 8319 486 5369 2753 5211 8786 2849 5687 7977 632 7546 9613 2596 8746 8815 8963 4437 7325 7731 8200 5795 8488 8752 5361 3677 9918 1280 5005 3604 8986 3278 8160 1641 1271 50 4918 6600 7276 6391 1014 8654 9616
100 6933 5151 859 9026 6436 3481 4141 6108 6178 2487 4292 7657 1505 1494 427 9351 4231 3839 1651 2127 4440 7345 6644 3576 1905 2520 978 5838 6851 6565 3508 5366 7690 5702 5086 9173 1707 7692 6613 6026 1955 1103 4806 3798 1260 7096 4836 4736 4329 7678 3842 6531 7241 4601 3116 637 7818 6388 4527 7198 22 3710 9171 8734 6496 9929 3370 9731 5067 2993 8132 4866 6749 3780 158 5273 1619 7450 8279 8534 5149 2131 2410 2705 4088 7945 4814 4455 8605 2956 1978 8221 5594 5437 7425 2212 9546 1241 9493 7786
100 7034 6932 8166 6054 7404 2991 4783 4419 5567 1953 2601 1112 6715 1305 3227 1947 7770 1431 6445 3418 4500 2531 8250 342 6357 1000 9432 1238 8519 7596 9357 6720 6022 3423 9686 9546 7376 5827 2893 3957 4675 7515 7858 6191 5965 4260 6043 8399 3341 2346 9562 72 9319 4284 2052 9632 7481 1820 6375 9485 2894 4251 7690 339 3850 716 570 6607 7605 104 2149 1457 1893 5922 6356 5572 7415 2083 2576 6591 9608 1409 3978 3352 1834 9037 6426 1228 7798 1243 6026 1690 9510 8379 5474 9878 6896 6713 6442 53
100 3934 6576 6795 8575 2042 1775 3479 8008 5900 6004 9269 5382 4156 2765 398 5817 7423 2415 3557 8164 2854 2125 9941 1123 2855 3042 701 4378 3308 6099 4815 5929 8320 899 1087 6230 3483 6631 4633 3075 3475 2115 5813 2119 7464 6995 3974 5255 5919 4273 8607 2564 2749 7439 4878 656 1617 6327 3014 5408 3581 7815 6699 9666 1693 3573 8197 4734 2950 3062 2926 4677 268 2817 635 5344 7549 2725 9340 8076 9492 9584 9654 1656 6338 6434 4767 4989 1771 8739 8548 1459 8807 3954 4138 5169 5322 1186 6019 6841
100 1183 3162 1540 7939 7046 6593 5942 5733 5540 3131 7873 5417 4373 9205 5033 3543 2793 4116 8088 9585 6422 2879 5171 9043 7137 5506 7495 3740 1946 883 2547 4786 4288 4329 5388 985 5828 4626 3089 8811 801 9930 6424 9813 9569 1116 1499 6762 6670 7173 6321 502 6145 129 2185 2170 3921 425 7593 2625 2644 7484 4454 9474 7167 7700 2351 4695 3375 411 6467 989 7703 5261 6580 2776 6028 4202 4776 7839 9957 4904 610 8549 9016 8489 8620 3262 4309 5405 3460 5586 9397 6972 1414 2892 6656 7892 9712 9879
100 2055 8219 8240 5126 5372 9250 912 5987 156 4156 3700 6175 5406 7384 9726 6770 2720 4393 3363 7631 18 342 6452 2769 113 9000 3997 5755 3823 2335 2092 3244 2831 869 7843 7462 1390 7676 8402 2297 573 7488 7813 9990 7176 9081 8883 618 917 4242 5 4865 1776 7523 7252 7167 288 9401 920 6155 2528 3501 2530 2205 2555 285 5141 4095 6041 3385 7856 3861 8734 9716 4078 5270 7314 9781 7787 4666 8988 1391 3560 6148 5164 2605 1777 8466 3808 5320 9339 5333 4855 3491 3633 5464 3017 1898 4318 7281
100 8280 2950 5251 6309 5391 8719 8810 4803 5839 7819 2929 7289 4657 3549 3543 349 1081 4452 1743 605 4144 4913 7729 3891 1665 4141 7781 4806 6493 5301 3131 6012 3137 650 5233 5607 1952 2552 1452 7757 2247 8073 9025 3559 9444 8521 8500 7228 838 5279 4486 2600 775 8271 7701 4882 2044 7913 8945 5139 5961 3241 3374 4460 6428 948 9215 1842 2138 1191 9745 5215 2464 867 6604 6285 7288 1673 7433 9324 7227 1263 221 2045 2861 3355 4235 5822 3102 3094 9015 7273 1515 1147 2419 3289 8270 8492 4258 3951
100 4982 7066 1523 217 2788 4153 3061 7738 347 1573 1465 2082 7095 1386 6189 3103 7059 2321 9923 313 3375 3910 2134 6415 5973 9359 4758 320 5855 8887 4671 3255 5854 6648 3463 5430 7036 6406 7655 7616 1358 669 6198 4079 5462 3223 5502 1988 6999 9888 8430 1547 6131 7012 7732 8629 2844 1167 4853 5988 8579 9118 4475 377 4783 4817 7557 3093 9344 3039 7739 2711 6583 6795 2587 128 2435 8164 8750 6662 1295 8951 7265 6668 9039 3200 2144 8683 2472 3384 1250 8854 3827 935 8971 5332 8443 5714 6490 4797
100 5310 6606 3694 6090 5904 7311 6197 854 2448 2744 2175 3447 8929 6723 5753 4065 3574 1746 1024 8709 8759 6453 7241 4913 9344 7761 449 499 8221 2103 8223 7 2983 5021 52 3398 9081 1514 559 9956 7931 9871 121 1710 3806 8775 3623 5901 1160 6240 9049 802 9109 8536 781 8686 4522 6692 1045 4773 5460 5196 7733 7180 6985 1848 7741 8474 5502 640 9806 9026 7537 6807 1342 1704 3490 3124 3450 6444 3153 9255 6707 3757 8928 8613 1912 4706 9484 7832 3035 2822 1988 3328 5621 5507 2937 456 8861 5876
100 5171 2956 6364 8297 4267 3420 3691 2107 8696 8631 531 1440 5009 4937 5311 957 3674 8943 6905 496 6797 3176 1137 7430 5511 9383 5012 670 9919 8952 1669 3571 4706 8441 2792 2969 369 5318 1641 5655 8206 5941 8803 3537 9799 6873 3193 555 1283 8913 9473 4892 3350 2070 285 1009 1590 2436 5591 5627 7118 3834 2051 7108 9180 7721 4497 9387 7031 6844 8553 5882 9128 9959 1305 1875 282 7577 4546 387 3209 4125 2698 2058 2165 6204 2502 2371 9376 7222 3523 4120 2570 6229 8026 6687 6028 8578 8666 2020
100 8160 5767 4757 8360 5092 3785 6891 3571 3117 7052 4589 7277 5125 2456 4704 967 7498 3938 8195 2422 2697 1131 6336 3604 8955 9034 5588 933 8256 7354 5879 5269 8750 9929 4297 3139 7430 7726 7859 6090 7909 7690 6468 9834 2366 4247 1367 1562 7658 4712 9920 6984 6727 7975 2508 3786 2504 2113 4926 8497 8380 9040 8489 9313 8791 5244 2316 6947 206 3089 9715 356 2503 6677 7015 8322 7954 6014 8508 1091 5175 2520 2854 9193 7797 8503 7807 1905 9925 1689 6439 3437 3335 5600 7258 5148 767 6900 6203 6554
100 5976 3666 3559 1407 1845 8407 5460 6784 1058 5989 2511 7208 1311 1556 3128 9319 1519 7776 9519 1115 4846 8406 2969 769 6523 5523 9571 8118 1114 9016 8010 3628 9326 4958 1289 7272 5792 7747 4406 7144 4280 439 6972 7726 3687 6789 4016 9490 9108 2415 7614 9870 6051 632 1271 6947 1691 473 2344 4205 6739 6620 4842 8795 1136 5653 7613 2963 8641 3416 1808 6679 9749 6068 4050 3525 5744 8363 1111 5433 4511 4683 5249 1376 4593 5921 3492 5088 5764 8864 235 3479 647 5444 9748 1027 9168 856 1430 1525
100 6471 2502 110 9836 2558 3473 1912 112 1778 5682 8200 9106 9166 9791 803 7535 6726 9767 9523 6141 5537 9204 7547 9380 1146 2602 9421 7059 6875 3228 9299 5665 512 9272 1690 3157 7644 4203 7794 2489 4262 350 9074 2782 8315 1874 7693 5808 3340 4877 859 6671 379 2415 7877 3829 2877 2218 1161 3647 7545 1211 4856 5310 4733 2622 3835 2074 6946 1582 8279 1641 7776 7092 2867 967 3459 8829 1030 8263 8078 5022 124 8402 5316 3447 9908 163 8359 3546 9918 3277 4423 8421 6699 6558 8461 3453 4976 6908
100 2350 2867 1210 4500 3255 9513 6214 4121 3493 9045 2723 2527 1103 2056 1248 308 8854 3416 825 181 1209 6271 9899 4558 987 5294 7852 555 7590 5772 7183 3851 6801 8590 3269 886 5045 1175 1889 6433 8672 6368 6690 5184 3629 1651 6168 2379 4630 4496 1303 7693 572 4253 784 5559 5386 6543 6548 935 3064 9572 7233 242 7980 9498 1395 5940 3682 8934 4405 2055 73 9256 1783 894 2607 7094 9099 5575 6572 9759 4157 4773 9156 444 8158 2460 1888 4564 9601 2464 7738 7118 7288 6992 2548 4948 8943 3924
100 11 3987 8529 177 7254 4556 3182 6699 6804 5236 2012 5757 1973 9751 4429 2968 1262 927 8453 3914 2321 2780 336 8482 6594 2439 7918 9804 2539 283 6519 8972 3921 8753 4729 5484 5784 9302 6270 8372 1789 972 4237 6339 8204 9392 1406 3360 9231 3843 5887 9801 1282 5731 5094 3488 5723 434 3684 1772 3623 12 3259 1788 1083 689 7172 8681 9917 9793 3489 54 2599 8026 2841 8678 3786 3715 8730 5003 8624 2129 4036 8080 7688 958 6608 5154 4036 5612 1244 9388 5167 8230 3220 6271 6014 1018 3027 9275
100 9880 3461 2365 2128 3834 5197 9666 9872 4349 7550 2490 2109 3462 2960 8416 6532 6390 1843 7527 2894 1140 1735 8286 6109 9173 7320 8760 2686 4426 5370 5291 731 9376 1507 4150 4885 328 8045 7132 7586 9181 6323 4723 4759 8229 4839 2970 4365 1911 472 6422 4766 9884 5643 7226 9772 9691 4338 7378 9134 9008 6193 8515 5872 1301 9816 682 3016 1369 6841 6195 5406 6382 2053 5893 4833 4143 6812 1304 2006 8018 4814 5848 5303 5742 5155 9595 4323 3124 4714 9400 7924 283 7914 126 6266 3749 3326 2650 2129
100 9856 7162 7385 2045 6494 9612 3135 7034 4804 3333 9665 2554 9143 6831 2739 1124 2270 4007 8719 3465 3472 5753 8324 6803 1101 7654 7912 5549 4402 780 7960 5382 1808 4930 4606 7729 4335 9010 6472 6394 129 5745 9276 23 9910 9083 1359 693 3616 2079 1066 4106 1386 2310 720 2299 7754 9125 9293 9724 6203 2029 4122 1474 5121 3199 4305 4987 7314 4572 2247 4958 7618 2722 7860 7587 4262 6097 3986 1720 1081 9098 7777 4128 920 4117 7609 5147 2039 5254 9761 8274 2634 9994 5203 1851 4973 1202 141 3886
100 8663 3782 3047 406 3655 3690 589 6823 5607 3060 7648 9139 6084 946 9773 4542 110 1553 1680 6982 4362 4063 2756 6609 5487 7930 2194 2049 3298 8898 6505 2424 927 5805 1530 6545 2062 4716 552 7125 3971 1284 5336 6791 4984 7696 4227 6320 6908 5385 8160 7302 3016 6852 2685 9616 7268 6077 4623 2424 6294 3950 9049 529 6691 527 2050 5496 2242 3644 7600 4267 5688 7311 1296 7611 116 4773 5720 2908 9117 4845 9956 2510 3476 6564 861 686 5533 7694 5747 1365 2771 3285 9210 1901 2422 128 4158 7032
100 3456 2388 7252 500 3496 7953 5551 2920 3319 1558 26 8807 5188 434 3646 2747 9873 5555 7432 1997 8008 8727 8463 6616 3578 7019 7541 213 4890 6565 2411 5148 5613 6826 4492 2542 3747 4421 7311 1365 4662 4680 6863 2018 3444 1128 9058 1766 8947 3536 8114 4339 2855 7878 7825 9764 9053 4299 7616 280 5515 6686 25 9793 9774 5574 5352 2981 8194 6025 1902 8481 2888 6112 2314 9512 774 13 3998 9200 6430 8764 2068 9512 7274 8985 9480 5464 1777 9872 8070 1492 4432 2138 7313 1544 1981 2847 1473 4078
100 8322 587 7680 2557 4575 9867 5246 2000 7813 8166 3997 2605 7958 7379 2254 4149 7553 5586 5142 9355 2676 171 9617 4594 255 3530 5841 6244 1450 761 7859 5132 655 5297 9725 7341 8867 3149 3251 9701 8704 5917 1532 6095 7364 4293 1159 3869 1625 7576 8252 5913 6584 2010 4832 6461 5757 9182 2392 4112 4047 1823 820 4857 9653 478 2805 4984 2448 8075 9134 5715 5143 5103 5119 774 5268 3192 2634 4720 1477 1678 9560 3678 9794 1225 3805 3803 7555 3628 5538 903 5918 2613 1152 7900 7089 1339 3469 2515
100 4168 7986 9200 2485 562 9969 983 265 3919 6191 8364 5719 5891 8476 6098 5804 3340 5742 2509 7522 8797 2869 6743 6196 3983 1374 8652 2969 3254 3438 1003 3779 4794 9766 9900 4858 1721 7553 8165 6361 8429 2513 4715 4882 1808 904 3127 6954 1661 7748 8748 5606 6482 9307 8489 4925 2622 4968 7715 6664 123 3895 6616 5290 1811 7408 6835 9798 5566 8092 7614 94 2914 5447 4579 489 7 4600 4560 7719 5640 9523 4711 6417 2311 7267 2735 9491 7588 9802 5793 1322 7718 5509 6502 8480 6294 8646 6853 7486
100 6613 3269 2981 6219 5126 6739 4931 774 2754 6527 5684 2883 8161 2905 7519 3418 4236 9128 6770 8668 7391 4720 6410 8415 6088 7651 8775 432 1923 126 6766 3402 8134 1731 6324 3822 6003 3231 4831 3234 6281 2341 2681 8465 1427 587 4214 5510 5347 4214 9703 8779 5558 8231 6905 1682 8650 2599 6109 3644 9467 5028 3838 8455 9244 4349 1815 6068 7226 20 8073 1783 8620 874 9415 4545 9351 1815 2299 2488 4374 5174 2678 2734 8199 9024 9587 2873 8726 7925 1501 1124 2139 4322 3024 9812 4949 1972 1279 1000
100 8301 7636 4337 1497 5359 6826 1034 6396 3652 8463 7141 6534 8265 6514 9052 9 3179 1345 682 3679 410 9836 5724 820 3934 4155 7957 862 6178 7774 542 3070 172 5188 8001 1204 9665 9312 1187 9560 5916 3842 6571 8893 8308 6137 3881 8277 6480 7297 5078 6077 7092 2793 7866 7939 4194 924 9802 6729 1501 5924 9960 7722 6663 4662 836 8510 4135 6226 5200 4451 2008 8815 9213 7838 7647 9375 7849 396 945 6319 4338 5313 4309 9593 548 8371 4383 3127 3666 4953 2999 5636 4518 9462 4128 5194 2208 5753